99999
90000
92351493
6240852
7516697
79085700
25839016
83333136
13271693
96427591
5950172
94797390
36213782
96701068
78385638
83012120
94063627
22985074
81855820
71937665
482929
75360666
31303879
20131084
88043664
5768000
35327542
95778329
95560099
36975614
13782481
58736305
8513703
6133974
64977157
16030401
85219674
43332525
51879889
51007719
39760117
57830061
45805109
28490251
7047481
24190748
11502372
1111109
99692174
45874544
25565126
52691455
21235210
9385357
25338892
9278875
15153357
13182786
57573556
10713457
2674753
71356037
69449762
11188456
77490012
86943272
79735209
15226038
30275797
84131450
66233758
22552266
41961512
12038867
51042518
49008993
88745967
15061242
2636454
40954493
60935786
28201580
46162301
34687349
37586937
71501193
43966224
5256647
84683979
1539780
68486456
87358732
25412170
37936218
51063541
2902182
24879490
83315102
70644572
7671640
67446553
36878330
30223906
9408065
1433550
81266424
10933410
42695869
96327666
13569865
83650363
9779805
94287797
29812664
44467154
84391087
53830209
40949730
89647734
38514188
95005862
58134190
78389273
20418032
48586760
29452814
75836566
73466251
12767916
46481139
33654243
80214469
35875821
63878149
42138886
37309371
45144574
53072297
80005241
93988592
66642162
16171956
56284749
13446311
45984620
751903
97837398
99814829
41701633
87485132
90845369
89223848
98135674
69234642
9641880
46722435
98687456
85478447
72705038
63971725
84475938
6359281
44186194
20351759
70237430
86325081
10177483
67898356
91913730
90182724
14403301
58555892
6354680
70688050
72002203
4855652
23956306
69839602
57186833
18174291
9841086
48032202
7398139
7976761
69783197
69556372
7215548
20987005
7551171
79920586
84958730
92027109
86279867
81661277
64895220
9033649
20502710
75072703
29448358
12416440
65255427
43851659
70972332
24126459
67056061
95490887
28982111
91012367
17846841
38685296
61703011
80204280
86717499
69101150
40697393
56500696
38657522
47912941
77487701
46208693
27833527
14962784
90752154
66629746
96624061
55647375
75663395
17126771
30720078
5111753
29543211
48491858
48963412
53031895
25134669
68535826
1039134
54116781
59548193
18885976
92802077
21251204
51606608
32035928
42868707
92304001
41052976
34042581
40216942
71057030
32767627
68050469
86019814
23519781
34680215
82643875
31683508
62859962
99770646
14919939
67971716
81830209
63411797
69451480
34862104
88546466
37987306
35901238
95179599
50051852
7303566
40498029
23819408
58910174
25050309
19204467
3730527
66103286
53247049
43947469
89676668
86014676
64514290
75696482
62050809
51710857
58340357
93734318
14570820
10627355
8654257
35058888
92457564
24582406
57026720
79836020
65645224
47530379
15737258
13341176
50098583
75557177
6355557
26434343
34467351
31405866
45638811
38197879
50025504
51402212
34661700
39702172
89933240
51692343
15398654
51984049
3403200
26255363
98234719
70490372
89399070
59405328
58065612
81856634
83987734
15092333
61692654
49632959
15139064
29946265
62974135
65237647
5503442
69329692
44188342
92487145
53251910
42343505
83201376
3277415
93745717
17863077
95495939
36195309
69555420
63410946
88179359
25474972
89666309
38930430
48481697
79065380
98335759
6547309
13438366
82323493
74155994
27647373
84472804
89295058
57593638
99963291
7049057
15613432
21809335
51237400
8100577
75061246
93580905
91301954
30855013
39842975
61681383
78867304
76038284
83753155
42278250
16733995
9228127
31944560
55664426
57709824
63526292
6516537
16773486
29481010
88840030
90929480
57128383
25829187
32740891
67238373
25792478
92306300
82851805
118166
43543700
90952383
27695764
89640958
34770689
58550777
82000285
96452072
37418081
58038569
32721579
32212684
27288917
41949706
64157244
35469695
52175883
80199888
41986232
21465721
9680898
83342614
12395201
19325634
9171801
97652444
86564007
87480632
89958745
21932165
40115150
86018797
12884548
67810914
28176107
171589
78878043
10176392
49140013
68812476
20731314
81861592
1025160
48020231
76327650
17698756
36006278
81019885
97898644
77992510
2485606
60095895
61335124
14880808
79421529
23023278
65049604
18501888
63020262
55008349
40434053
3135412
41027147
5834953
70946326
21719606
6006542
49824369
31895999
7662907
18636845
5143665
89524499
72178358
5680248
18368502
89877114
41686526
99388387
87775759
19679036
1873994
388006
33530512
69271154
32325887
9070142
34320758
50827775
72090404
89329108
91261829
27742168
82872607
97096782
98688494
4592213
55619677
1029215
89004564
63282584
72182413
94148229
5323436
44360771
99828477
23691938
34237885
94031355
23080325
74529996
13710391
77470671
27434354
99757256
46741825
59760241
8827398
81062584
10588017
33434155
22908044
54366198
61176323
5780651
3979332
12381170
62889216
59599009
65926737
4410133
75397946
38109150
98558362
33237734
34986273
50903192
9446024
69224159
44934547
32526349
96270507
11161291
9997021
23704862
63434899
9255198
83465103
72262297
90317782
46569472
58212804
65742178
935670
71905480
24039181
4915003
36803002
86928398
17030364
2729739
91338531
44944662
93355242
42413245
78182396
28341515
45832789
87628420
50082026
43283689
72671122
46352534
6961332
35184495
22573748
70396231
44439693
6038851
95174880
34757476
52608324
53387685
499654
6060346
25293165
24538836
10975349
62096167
63983586
80522066
17342258
7838469
25466728
10697500
2768066
3649125
39039016
48600856
91277545
89121042
44400897
63948667
35473576
51362229
51649514
58047324
21758460
96089208
16602528
16933340
83363036
21727204
22837377
36379042
27787550
48130542
13434230
91279252
62743061
77417816
71801318
80085320
37772637
97268046
43299172
40540704
53433523
82338188
41657912
44711069
23975583
86058809
61176088
11965511
89937390
12825603
70012836
11695850
61431163
39131716
81145542
44794199
13375272
3982920
81173241
93679174
4629814
94607472
84958426
67372876
24541640
9276096
99974548
62314278
6544143
43273720
55371334
12494018
78128261
97029246
9721439
2103844
35604407
70897528
14069355
25541797
36239483
36598543
89753999
97670646
28246611
70899541
94981197
41621883
27398813
76154438
35301058
32028628
70761910
20259484
99401504
95303551
82051933
51892404
10134181
41112428
47682476
65505515
53606446
25810737
62534761
63327886
80430933
50655520
86741766
94500289
28713669
22981249
83615184
70984020
73168247
11861796
41883561
20665796
53483679
69282375
96820234
41301089
1311003
20098497
14076926
53228859
67918400
96128859
57637615
78052581
37241287
5320091
43558096
90847733
83647181
58609209
6691971
64078114
9264729
93433737
11094755
37978398
68931338
47226292
61478770
94615937
59088088
3362331
15281733
65088119
25161058
12101968
6389209
78988413
84716817
20466135
84733624
52635217
69111346
94887591
30687798
6352633
207683
74245894
49716718
36371216
32855103
56408690
52965682
94636184
2358779
16576790
85130934
23806470
63803082
46609704
18422407
75407522
2488387
33704141
40495641
80165798
98322461
99401202
11670563
83039278
19867337
96404188
88190847
88978683
91291779
18878645
47847668
44015814
93124539
50080739
80387030
78495994
59005781
85869065
73132178
61364560
2445855
58263112
85171030
66248937
57389168
56109790
41656459
59877555
89813931
34668452
40043353
40652744
34069655
51713917
76208374
6453344
634457
64399221
47948380
91926236
35794218
95796048
88458403
81435109
45876787
21361785
59931103
4882568
7230850
85579633
18763481
62193057
96359097
3934511
80958346
53748265
60044301
22614805
13625820
2374584
9799610
6185526
95543680
96385617
57899443
24268406
2838961
11050252
41183979
50787341
55492840
76978197
99099742
43951243
58413306
44976529
17829381
18344409
2375450
25060231
56440394
21138931
87253289
52799491
77589794
68211635
59064108
90150448
43342793
72689929
45041384
5658755
31391807
40585065
2044372
41807602
64853471
4883333
52857854
6037451
8187027
8350694
35532000
7286769
4818290
93945307
4779650
22647671
64806068
7155100
47707902
21246463
28294031
87477543
26562306
58400178
8205531
85626415
48550626
4064676
10832696
93592010
62239783
42224503
86693427
64284155
84032105
51546899
21683840
36889959
10100702
29870867
97757005
98149054
89673988
2575295
92094361
94453639
25222966
9416782
1608739
25447221
30663245
82419123
65441116
9741903
40819301
73646647
95368318
41886279
30227675
6201014
35478289
92467458
941869
22171717
9267965
84973974
26234968
30951806
74380285
88852022
13339025
24653643
87001076
3013014
27228938
31611790
97466653
4968257
41028572
51591744
30415478
24208169
34010867
95856594
33950072
27346520
22019594
29318391
69232799
4763621
88035757
57227441
49747432
88977627
79399158
59015397
26467953
58150478
42483555
53364591
47002500
55822581
30534586
86519928
11351947
57763524
18131718
61334952
62731781
59160290
12926696
45663611
83368459
99453916
94036558
69834884
26800436
16056152
99153275
48549588
73336125
39705384
5777029
23083557
81199363
37692539
82098955
60183669
95843017
24582510
66064612
42845517
32921443
96599198
29365445
44273390
54362722
13516
5608342
69610856
59173806
71051391
67790819
95058618
70505307
61827377
64893502
49822095
30399881
16563129
98371683
3736007
56268513
56665064
26819564
89984229
94357603
61434871
50167898
90200620
86017382
68748862
85562489
18938825
65348060
67444287
15728568
72227134
67457803
73853262
94354342
26631609
44904653
62145162
74206579
15409960
23972539
39100081
17748408
6888773
55663210
68636443
10624780
64448076
25301508
89960696
54432305
72175463
51395568
57116555
14892436
37412950
25865417
454925
8868127
43729829
20415564
77113047
15956963
87873367
50966310
10311306
67021329
95870963
24972820
41227908
63797276
1461711
80327990
81545684
8350484
88507552
2698479
71491616
52955628
27999987
61452313
59904285
52691803
12847881
69537192
67584239
2777183
47918961
20555516
64161662
91648790
40971081
93791062
60122106
81360800
44757372
22949764
48382129
93144687
47922584
42126390
9458315
1900647
74970732
43520351
62767484
63478284
46218831
34259100
68950265
26735170
95711413
81370902
79426973
61075646
50908095
99527564
16369181
51343408
20083081
33047196
42992199
61054162
26838258
55630657
42414962
24111982
78580421
43313444
17256669
79019357
85439834
79231337
33436356
60410566
22751688
96203840
76405202
68970519
30462941
45355467
95705690
78690706
79242722
27649015
92282705
82667169
27176580
8651886
34010577
47259661
94215434
29519128
60830175
21053692
85149785
55761489
45165674
16246558
51591285
14938696
47782267
37031119
94170033
33734976
49958037
69438073
29938816
78879592
38408593
12918109
76751411
86630635
91608816
55994133
66796002
83891521
38661302
93972582
45059759
72671880
93748595
39275194
54707360
7095122
12845238
92373498
15372964
10527265
61136408
66964249
77982313
61435028
56511721
24668698
95170004
58986110
94106771
25108820
37865702
32515364
38026930
14617114
71662351
82152098
70611247
38458354
18559971
61788902
84947288
16136082
86977134
78695884
55411276
41684494
85791006
20772867
34057992
53680322
83816484
47710753
20644572
61798797
9145781
29672645
86467495
4315785
88658755
80574266
29424605
26524458
65605983
19967887
41141572
89784686
2119985
64269171
28243040
73196308
26058073
13190329
89332391
65551559
44402565
97260019
7236054
82709923
18032886
93810398
36390246
1849370
41521151
9551170
16164519
50666932
39223815
55148366
7499069
27882570
88238985
36923675
6923380
53844968
9407914
581304
96146006
64044252
64850476
24389047
37240560
43424901
90095728
26572951
8976461
87014645
23832971
68728867
69724568
94382209
62539265
58631166
48747932
56576769
68182336
64912451
59760053
59922503
20060818
67259123
87805074
8299803
56699150
94728454
14661123
66107064
47826111
10807129
30151316
65192939
87712528
19908229
8617840
30324608
46481180
70110653
17339253
22830503
38839520
39580174
17212713
53895138
50727692
65960645
62988259
18910029
30873096
22748312
78832532
3450266
90007435
19153958
64266421
99222937
66398765
31443896
65330002
14224876
42251026
47997670
79417815
82479906
67905899
40552007
65320867
66903432
63179013
35176472
89733935
54534885
74756646
6946648
8430023
78000691
25423645
23934634
96910720
8813094
46682947
28259604
12263360
89206734
99929915
76529782
88429672
66328680
60490030
6276026
33069908
55257408
54273696
65004075
37737315
74695948
58072434
55574534
94115732
21251447
90751006
83849667
75786333
18024005
43312668
36732708
96024696
68736313
60667343
45451768
77549407
7350290
26227724
42329120
49073376
26157639
71375254
37503048
45002671
31865284
96295426
30588931
87122693
50569123
95593006
77376360
77781423
6181793
32950894
71897155
27433240
23701900
8263174
3219573
94242257
4092194
92468634
90266953
72828508
53135977
88235073
2894267
13002619
14462798
97739739
62075995
93136789
69114993
52095396
90655813
53496630
907174
21244744
40619323
51476297
69354103
70512035
81774072
75535896
3462929
6187579
55485488
79681181
14450754
11221414
73923439
18542948
3690048
16706744
43887808
56826025
4941818
99298428
22344996
71920968
97038167
36937343
65057757
18669513
89032739
55713570
72166143
89939914
29474667
65301818
93932563
98828770
35813853
28222988
26881018
91793134
34410567
82366506
23990667
48861321
93587920
97914106
67404270
97277968
67137203
63808430
6620345
24595373
63106858
28965341
96516341
60145026
65902685
14090450
31330891
7451776
22320373
56013386
49908042
4311392
21315204
96356958
55656514
9645409
24579946
82537532
1438543
58990513
17420390
25429210
60368187
63524663
75859669
27772457
13318983
95513224
44097239
19939329
20108597
7204098
1421022
69141290
19865476
67323707
35748092
51196367
27291836
58068465
7209753
77199878
62379857
81041309
73556836
70552723
90686718
50653134
53090255
44641613
9643648
23026998
22587175
22528187
86551661
50963196
2816996
99870644
46476420
46914235
72326325
19101369
54118333
73747348
88242659
73983809
93587407
23990752
77696528
20879243
34575569
84906281
50595474
49471779
65947590
76668662
20024502
9150660
27321797
25631110
53792273
89481797
48658108
28895801
12009984
35209769
79858997
14826980
87596765
78851770
61741215
59923091
97953139
68375901
33670439
86195799
94876062
79774198
62702903
72572591
653442
97278472
9995224
3765268
46750251
75942815
80433930
19291106
37609827
60272079
44922216
43918453
2270228
93580324
72814254
14280212
81306445
5189603
81623544
68903210
84041373
95881112
81342653
81994513
16773365
15013092
20706664
11649427
47303643
83409567
84222018
47957085
80688039
94217243
4238705
79954643
22676410
84672635
99245749
60286237
97461067
44167965
4204690
99731295
90264641
29535296
66527860
71571086
34724900
667756
92990648
18766273
96548868
74333302
53277138
13322233
41862746
73983802
77488013
89166389
57393369
14226383
89639826
90597761
8443626
93878531
23068756
83636388
31067519
74830857
96438978
28528586
71515174
53160020
80776233
61779815
82695317
47304093
85867253
69936569
47971850
78857901
41219194
97037070
53191203
94496333
62875656
95053950
20996487
40363669
84220339
78389857
54590052
26376518
21503970
15550031
20255049
44572726
51702771
3838920
71919935
48141749
32367506
43435109
1301770
65660092
5214924
36513439
12964185
91082177
58966360
13452387
22456430
185554
63005810
75647634
47198239
25881466
23217936
68194727
18761487
59954627
99100936
73351539
86331145
73121258
41417922
59102547
70210336
93120694
62941467
42130271
93778795
47825326
85565380
47596917
13485418
43296656
36626708
26449603
34378833
95593068
92418343
9351615
48294975
55424153
84999249
95493214
81305619
8217185
16204293
67106
20688165
15305229
25934997
7019310
40942839
19869272
66121857
11153175
12989966
81579677
53283446
6768761
29405003
91365178
6882031
42890421
34661834
43508739
21856376
21557019
39101808
14274719
30908635
87396783
69698872
15907884
35406349
3520843
76641422
51610643
56104301
49845939
19432224
34555651
56865249
60375064
54424923
75503459
24044591
19931241
9599488
77328038
79216354
39004491
21209568
86098385
81894912
55871403
29607125
3751288
77428422
21225285
70542360
8337057
8622068
92757584
76761294
96544769
96278428
5919068
48155412
4899081
55765007
20103989
39454732
65146608
80479053
46396007
93166419
4523644
18843600
2765907
34368034
98059955
41770398
55577603
36674692
76181662
63965358
66281817
79932951
41393780
87507102
2991663
2247190
48645522
95749247
79008484
45190292
44544027
37443904
45862056
49443109
93208911
65966045
41414193
10871871
98961450
40326553
4038291
56001447
59170153
6804198
42885833
57230108
1090949
50979788
93904801
77272611
14945146
12702970
9721914
56338927
52726425
12713577
11102469
53888299
8462825
90110953
51594943
53006852
80071209
49973352
54966313
73280120
15939397
96380507
84151991
67417200
89223412
40706634
75934999
48393565
47510833
18820832
58140026
1118134
69800621
52044827
78390745
84745767
17264149
88112660
93601046
69990574
53342589
4703515
76395226
61805414
47330820
27990169
67328619
27402029
77963521
22294932
53198501
46419271
71191791
89866845
13836471
60415203
30573479
42287822
8808769
30600664
61108654
66948795
31718798
83425627
71509974
62625896
68171395
88774123
3254908
14288793
11281050
56597497
18992309
40192628
18402912
18839481
68182797
38247883
46241511
98662671
60542815
51956364
45081942
31734607
41823209
11434765
92149810
72396689
53722587
53474931
55513705
67347593
20423726
87232504
50773221
44450052
2374752
71460968
85740528
5629660
85749761
49537930
62227157
57258422
89730558
33146421
76097904
10429707
71394304
74855767
9092378
31937120
26812131
6690672
16188079
68635341
70641789
60854241
93548382
76880728
14329173
49062087
44228322
87269251
88810943
47517895
31719304
91185695
18978863
69976184
96815355
57244976
19514114
11558865
14503399
61761024
44705286
43117655
72190731
16099591
17973422
81283110
553063
97301905
40490134
69257494
18453598
11131924
30111735
12001980
40529004
96957260
13580420
37273678
84226512
54907715
84791573
68462168
46093411
56286788
38438352
95425118
13531765
10468818
6983983
28035164
72229842
51689270
23669171
44420573
20305213
41642593
78220035
73374628
91460850
71226522
95148474
9914449
82358446
77776561
74432781
75403802
74733822
40529553
12677481
58960334
95437269
49985406
79938854
94047032
6272195
70893558
89472150
19803960
81362376
96456134
355476
53592218
661756
24024647
50529143
73483321
18183592
81265531
99374301
9644442
52492053
47039127
72075243
87366851
24815688
46508025
62770653
99549510
39553930
75448134
11026196
34991199
25433541
90965050
29038231
84222088
61858608
71026734
4026048
95737336
19999220
56897876
1845906
73177328
80922523
52375050
46660649
51622467
33640581
98551302
13783261
86132634
45590429
85858505
73499485
70406117
84882882
88786490
22471980
24436812
16750977
33498176
59428012
94700870
76979579
40982595
78922958
91354539
12009329
82949006
87091876
32008549
92363234
88937782
5185877
25802109
93829184
4362878
77424576
79986117
55430532
91207837
66118751
53537313
29582694
92134588
23943431
14465576
33437431
98931763
38902389
50188408
32429939
50846753
44889278
9409518
44345700
23812236
764058
56355030
59277594
40372286
40879931
51640828
29310068
98582161
77442937
75655605
55461391
54867513
55641722
10891924
98591702
74276826
64429237
28174397
18927766
40889020
42639973
52365197
39820783
34058714
2553605
24767075
37421819
47442883
34176593
81767520
23771471
87457003
90638902
83049065
27829289
84035185
34689893
9655710
82617346
64649182
85311315
38078738
72033047
93469389
1487014
23141102
67746215
65916251
51315499
86673982
59321624
46471824
39039179
51658759
33046891
94109137
76425834
70468710
41552020
63118780
4752582
65323492
50575783
95391484
888909
30921425
79426670
88095155
93093487
14560368
52744337
30921154
5155458
77293737
24390543
6642472
434839
44653111
25075076
4266690
83843445
36913052
50738514
75398976
88571811
83785405
69508113
64997646
54254116
63576486
28116426
59006698
81416330
31208561
6914535
82305239
62129986
38857557
22916746
7739825
53417925
28177436
38660979
11089736
5471173
15567875
17732208
58422364
60220986
95323636
62689054
44064431
32236688
13427568
19463407
20808500
97212974
41487873
38322498
3983442
5064359
66438924
15506492
38997041
97647485
22421027
73818632
12293824
13794936
96735379
72550001
67212862
24912815
11210981
30818950
30383988
79295208
48551158
41322704
39516194
96391147
4011758
36096977
81144187
17439326
8076736
54469039
67168652
2080961
92791537
23668446
59661672
11746813
39174939
98658713
61910651
14112318
72477346
74204475
27907255
69212725
99270828
47636469
46641892
10481809
78455419
29542232
89777017
79522929
70864936
81809563
75914076
74876694
70422892
9574616
44832372
31015981
64043655
12001025
33096942
56835193
35669471
92758615
21098358
27360762
91417328
83009009
41473081
16411026
9729836
21896688
38140103
9000665
69533157
84781995
71998826
504928
14324227
61775844
80027857
37705515
96101759
8458286
12582209
19041004
18032902
9930934
50056985
82076557
74448311
83153927
91428102
62634134
28428894
12526461
89994897
72362575
95535470
83984330
88773601
57781659
58397370
79430057
66782324
80446879
16728404
38781150
80951807
31052632
53073346
13496016
21274499
1691458
21954302
86373061
20732462
92503556
96303995
70789447
74580114
70752306
6459726
18524568
33386440
34888621
83567381
23381337
59767548
31619204
59882019
1057501
89400863
18279389
80487558
56183187
98726268
97215963
47480689
32194427
80784947
554036
45690444
2059446
2245494
67644746
88432507
75494308
60148303
37252854
98800107
87244769
8005160
5259833
58285689
41391601
92664806
41853071
17289290
4948706
73472275
29687662
6006208
15389490
483403
86493766
24089029
99209672
36226081
71569718
83920451
17011028
24640106
29610895
71586827
79401952
97255642
12535686
54896260
9920297
49788541
53696367
97165066
57793701
11472553
7967107
51701654
56653711
49820178
21507297
61602418
75808805
3711311
67608626
91198295
4194714
6618744
67803676
55920738
42844826
39373395
39841190
12372206
16529853
69452085
83959033
95931806
19224079
96494720
3344418
29144376
98799613
57040786
78825794
9109666
21029691
86792902
60811321
77683402
89129432
34834970
39285820
64938238
38546281
6894446
8652885
95257347
13513191
76456562
51178086
8874369
68346309
91019276
21246575
84876162
12987713
5205609
33324320
32211793
54216681
36668739
13872521
53016294
93709525
92698316
62125960
14739216
32007570
75453633
44938970
21137002
62804955
84224791
38591592
1351236
43635589
99760830
49124936
57148780
76217392
303022
18539501
97080053
43838650
39786077
34472567
56826363
97508038
67796888
41554508
51724719
4465627
55427030
57257365
50691504
641698
71899677
17947072
32649268
99869663
62886042
53786270
62674618
99627185
44894215
16542207
43262775
44655045
65667143
52927907
73388789
65970165
71467409
70468842
62325167
11253486
57457761
19151530
61277876
25254649
13222391
65518947
82236628
68649421
22776312
85444484
69291119
47192341
55907908
1940387
47062004
71310303
8243009
9736623
70937488
5653576
26278830
14200263
50308621
44462325
67128171
23697410
10432490
91111932
46682604
25274009
54881770
4140366
96941891
16159646
81911367
10164282
81678593
16664348
78813703
56971257
2108832
48104822
4163598
58016741
2561561
51225603
81843396
63320923
60962226
52780884
68974499
39757408
19497500
19283121
84219733
39142023
95496883
47168575
30253955
42179488
72442584
85135725
98836206
69384475
53811723
80747573
79548758
35490316
97411921
10878813
92461573
52037106
11499988
96625171
62570199
14061549
367126
44413595
29898824
13845704
97194479
98873324
53603112
69208331
18156445
90339197
8350354
66169680
37507772
91120661
8349168
62466708
76256386
59701726
31851184
30068109
40449300
63916294
18074777
90377573
27311459
63052702
42414679
38811447
12194226
4984878
5389349
12561352
49398473
35288173
26407057
99109305
34161497
80010169
68317636
4834294
22865719
29184343
71003975
60373491
20305004
31869495
22840200
96561391
91571222
7207736
79145852
84536874
23640382
49736982
74914447
50951841
12789684
17329127
89763289
24983910
74830357
47668990
37545263
76745183
82957163
16468672
75854488
17118661
48995193
96688476
74469307
71860912
25872819
45473282
32234404
46177824
77342778
7590956
95255567
21430352
67315044
26917771
5967226
90955426
29171105
80881673
94423619
41960790
50727152
36703260
19461052
25557510
84372250
57006315
54819045
67329414
25991339
30673533
36964427
74986533
79878361
11433734
46847445
5751181
9423369
31598201
4445357
86766147
39189157
52217276
8196499
59020553
31651399
66680077
49975979
60822505
47561750
44399599
2783295
50805255
33619211
22244347
28879117
17991462
31767015
83698162
37837228
57758354
66888047
74801655
32744887
46766408
38751741
32108685
5033941
48175110
63706886
61995650
87457609
55412396
14212926
48170460
14432949
45864326
14850537
64408929
6686831
14928640
61324880
61986478
65733895
94944091
84230825
94613012
65451905
68514192
78311174
3289133
26272547
45199221
30607140
11533786
44481981
69358882
43642471
2032275
70050344
59865710
64027925
57507954
15278106
30757204
5678414
29711055
29137882
20528952
46636336
35824713
87973944
60477568
50327543
53707839
7938012
87074720
48320851
25906269
55588913
79148377
29195403
34377812
76863950
12318895
98427950
73862283
81677777
94586774
75894558
4244474
54452484
92438836
61752428
22246942
23196040
19947194
4474349
52333922
92992498
3627038
40674987
80966442
16620958
43518882
34674281
24558970
30593602
35511484
2981592
38698867
14659861
32176995
73076679
44040163
97012242
24020982
17902447
31206372
18607756
93797005
35450846
25576592
86235841
97203274
339886
61948233
69666820
4814235
66798507
62659319
60957625
59989846
43625761
77578584
3508728
30816395
54653906
34102331
66327879
57635498
72801198
33504093
42328845
98394230
77544256
39341088
74931564
95446703
70547460
46055672
41760061
5998306
71632264
80512254
55717932
24488502
42460488
25384752
81819089
61775347
40560423
42776715
21765194
84186185
20355299
25273922
67518932
75009205
11892605
33846811
85161056
84693804
67350904
27489901
35604386
97411513
66830989
10535950
45374568
89894801
56591622
87134629
48409459
80740238
20163236
56643743
57745092
15140076
82028496
39564181
76915423
75105271
82340896
98680617
11807808
55212547
76470892
79326740
30221753
88363497
13173552
15382809
73057301
33040808
95389062
61178039
30452321
14736404
24230341
75826890
4631205
33338315
15477871
53040665
14078553
35641107
9684408
24339997
50781183
44229256
63904179
80212959
19334528
46245075
78893576
31142336
1457623
7880820
10469077
84195728
96244318
76158981
52094889
21817971
61716141
303
82996011
44684815
14736707
7226352
20511705
19367913
40564668
88505928
24924930
7159573
76663388
34609338
31499571
27444571
31354947
47920102
60173882
3205827
46681529
91583811
86864515
655504
99464631
49849944
37367584
95708949
26008925
89462473
17526921
40241419
89462777
522932
84926234
56715836
60265636
5437939
76083749
53346656
46460219
1008679
13022582
23123607
88134370
97038505
3084531
72005669
44958607
63258413
75211496
44156488
54842224
62076011
44811993
54306856
11925956
82179577
50015805
90451233
24158403
20059078
30692652
66137532
73098362
15618886
22853368
33363999
73573177
98937118
39227007
72549749
52462149
52249589
95673356
93112871
1804446
51274239
65118540
46763053
14532653
40330036
43435894
21891229
54922400
88247887
76198085
19364708
70427464
78730243
62332293
47102219
98789321
93024946
13239751
24404036
61160184
36093120
10284387
87249714
87546590
49511394
59799463
92525091
54277336
7989171
85637963
56081782
59263411
50756503
55361188
26312416
43602892
98797082
48203645
51041644
87044969
24401731
70406352
9988785
55648326
32738645
57091005
6953999
78279943
22847108
31358035
91956480
58940228
41642422
79206194
99003170
43670169
91522009
91528262
97947505
52027532
29682577
6545639
11290943
80439080
61906827
37603359
76558324
60703909
38323357
27599968
265230
15241440
50522672
62770368
70889766
35777670
72377725
30360117
14057613
95224833
61718153
58530445
6681414
55876927
90252991
5684584
99547096
34291352
49729198
50010953
86318885
79411775
56556593
97609828
12367208
18463420
87729540
88925532
31683682
26052897
69041853
84465264
41294337
19564525
47235632
64700455
7858547
19613357
95060572
74432513
67354543
9295077
32962958
74035957
65172005
23215950
32236893
17235453
57507302
34482444
67246407
43826187
13894219
23803000
93952368
78777779
94782772
34198260
20219664
78982806
12767509
89261517
63448071
6578198
61342394
63200055
71278653
69200942
35329765
18855577
43633455
2684308
28150655
29112765
29236617
45839012
52328715
13989862
15590817
62352370
48472306
35353576
58694909
14882878
11672928
5163629
93660657
6455701
39361889
13880321
37954859
4645750
55658190
1402930
11223948
69516937
64602986
35018953
91234231
52449103
6390883
34867686
55133411
87057890
16496803
36886380
85413254
68825519
50876242
1004071
83694241
99348549
36357648
42389150
66747779
48030576
47552780
12924788
7002629
39431021
26805110
44957489
44076772
34979652
98876771
7817072
4496589
63479757
95352378
95730820
15928860
1743261
83114858
23578623
88801151
99611662
60465003
74214405
20953533
11341246
27734828
4647774
63206147
64092476
99553276
29953926
64639405
47106056
95395066
24158386
39053430
74716528
69115875
83130202
9696181
20508999
43463626
66709122
83988756
38816004
14956295
52433969
40559265
50587505
28528944
81876768
2715519
41510300
8607525
23669052
5367898
36342354
80833178
68574045
52951182
80386455
51044323
70106939
80008863
46439389
94265326
19062293
21155918
15897553
2192495
83368451
36406552
45656122
2593925
72911661
36988478
17550220
77861982
30064096
68137726
58907278
11940864
70853245
417578
20548390
47038650
5785476
9407096
27871828
26875873
14874630
60774635
30436548
84981570
40783499
29392290
31763248
12362144
3064560
177153
14554640
86433011
36583706
12727114
41543288
62011719
2231944
59093509
92390053
32296040
79747587
51297331
44236905
3117184
51714910
17301647
2672186
10016738
79225095
83060367
36892612
46616077
43835002
67329160
31597647
37134853
49237802
15877247
49496998
52302362
16054401
16567990
91251725
5154459
81811456
32795014
19682530
84043400
44404875
12072583
16339441
76668814
63369914
13092698
32302350
67601176
82910697
34974537
77617915
14652144
18034904
14510527
61268221
14386258
34356039
45382221
51521112
83593842
61259468
53534462
88412556
29830221
70102452
32180634
87501032
4430260
64975648
7183562
40990012
61896875
71772497
9845805
38565689
35142412
22938503
70868039
2743588
58365552
58358928
80361503
73017696
76393832
47388382
34285918
90780091
34260774
79668139
94817555
70370968
93443959
48352017
58783524
75790533
70970821
90964158
63291565
75401081
8456158
22991480
16391093
22869385
94763977
26236899
13951426
29906389
1691754
37335818
85166330
12573659
95694746
18044185
85591355
72088579
65432568
72393625
15385022
99693342
4578116
62718929
70064310
98022076
63587298
81364186
26328961
87074471
24844697
89620526
14991904
33300855
12612006
83899349
8686593
59892336
62652600
22638019
42315077
64344355
59973837
27481407
29434366
55668584
45525593
15025721
80273515
63474513
39935699
48174889
63167855
44513815
10893818
85748517
95052243
26997468
67112703
21381204
14071939
91957400
11001731
29063843
77774608
76130089
12963192
86461201
88538777
75615793
9099220
30853855
92476500
21589410
58335262
21910866
29774346
56377207
89452939
10047861
19851720
29388638
10739102
83019575
73902454
74149272
21284444
21471049
1146740
88397148
42852254
15218679
32870900
6370337
96798874
10645508
35016778
9762066
97106709
23555556
37894211
58722282
54409411
30370711
32828044
12744673
4797929
62602390
21638233
94250869
25166603
41489953
23639507
35905705
77025881
50058313
10054977
98310325
71529363
11201717
86707473
66897969
78936748
19578374
73268306
75735622
82740234
8285084
38014040
32363296
31840640
75908252
43601930
38766403
58795315
76429974
4027429
63593245
39032364
25665662
57844114
64198967
67155615
33999973
52621024
96697848
84058287
62676001
95008174
8104002
73877718
34231999
75001971
5330818
6326725
48270277
81066440
89066960
9071713
71596832
73946608
93428706
47505084
17548538
32195109
58816752
46494864
88738890
22409997
38043580
14404552
32770463
54758899
34076520
66770436
7379923
30774368
3345075
70055924
78298894
11449077
96449994
12530894
38967400
1780812
71373971
87237677
82847252
12957283
48825743
54444084
86903891
42254449
54465521
56968781
26965910
13282273
3463645
15704801
88208622
41507225
82625705
73495437
96266124
69218577
40265873
3646047
52509298
96127301
73701971
30808192
60092730
22668317
95855438
99060131
24449129
67229410
38814160
7296381
32703045
40156255
14256818
19606937
82410704
21238691
76575718
61892967
87037316
80039364
30114120
75245938
74062941
65256177
48741375
70329066
34474755
41523600
26491465
39500405
90167253
52709789
70308597
50259984
75378106
18680388
1836467
99827236
38426150
40650627
59639969
71129195
33323235
26413139
43252484
68250291
47651830
19828203
30143258
34689146
52383919
12773730
62451436
78963212
78029908
11192811
49292278
65021015
5232764
28300096
4521420
95400017
81009885
27346369
98176353
56387991
46026757
52529172
56215227
36969259
45696152
68371549
8098455
79019387
94784688
51350939
47269678
42436519
23695494
77412937
29642017
28595765
42703019
92093454
7558978
73249279
55802617
9367608
90786646
13551733
37667704
95308066
61468103
18677589
75170788
59644456
27581933
73713897
12173629
36313512
10683157
57869781
4685061
71297964
89405520
99469750
75165255
36675198
94422621
98860750
66604487
24064638
79972867
9307507
16158092
87531845
82556786
24477062
96899454
73343433
38028795
34567158
21167851
99496898
5761100
48854991
11657707
33343033
75085241
76347688
69656545
38284750
34217469
26857959
9582714
23622989
26327709
84747969
12814539
20750330
36125071
79419027
97331320
16097939
88726534
66005765
56146136
23799672
90482827
53045590
49659457
28511622
40129101
23343661
80524873
98406553
24715004
92182580
84265938
99800245
68530268
53922483
38084995
55264089
80780442
47667709
31403430
59624503
84932031
44217969
32891185
73573454
23636996
30222506
42187745
64879882
96228271
98333882
41195907
39227450
3895824
90855364
67739072
96541277
66715377
780297
94947830
91430382
92962877
79213768
91230627
61493145
85652604
29315623
16757234
18949398
29499684
677016
78573902
66948067
44894986
63981439
40521522
21048334
94203945
82709267
38444569
42948568
33559501
79640476
82176018
37455326
23012192
2431443
33996603
89727570
3211740
81460786
33674304
48690970
60674554
24904931
10184115
46327158
6736906
79457702
17792909
88752943
80134718
48883163
55701010
77546056
12864602
48738884
51110743
59584900
83964504
89555312
2533468
17524005
21712140
37225839
7495683
44724332
92173634
41492287
86968254
47901726
22953073
20642558
96592696
36143979
45547490
6776812
34987490
4800748
38750866
52780399
93553691
71401936
1663562
1771054
1464345
14528164
50509938
52575088
74113064
34474442
42130400
29162885
4514800
63842540
18905076
12010483
61083224
11078710
6019122
48051479
58980436
81488547
68694037
55573133
17632527
66757879
14866297
5136369
24074980
53617163
57916768
17628671
77535451
12096682
19399725
78999796
79141198
69909664
31574884
53254263
56900458
26221636
34933500
13931610
42580528
6354928
25942094
56180105
17433638
84477568
4231584
28930426
65966116
25441973
37019911
36114995
44716205
51886208
41251364
68791185
58019723
51684484
86419856
35555175
63781166
58335934
67071323
42922364
80761950
51162560
48692979
37662408
77384196
36142831
51594019
72481077
42497759
30052465
28661182
59931397
14530033
85409118
41378176
33012501
10851091
78398087
69127496
8083648
30284296
10378860
76874833
40820371
62063344
63294690
76375546
78360862
21630624
95963222
21283227
2392574
47125782
22492558
92571334
77026330
58635390
96681705
49507407
1133149
26734170
30684941
61064547
93780556
68610411
2442723
26793057
31977855
80840810
95920554
40061503
63641458
58815766
16936337
4461830
73395463
32747379
33353728
4272677
54378003
29316950
25555904
9286929
76442732
48048463
54374615
53469063
6683853
51056321
55492822
60333354
30306843
38694116
21397901
24087399
7304527
76356976
3396809
91798734
9714139
51833715
31860238
73355597
63165833
1312927
30333779
36561296
34060306
63687508
93350326
40954661
45520810
18906230
50241590
21963543
19471045
4616205
27948958
78671250
8188878
35958132
39004605
38495722
74652248
12918858
15099473
34473128
41792187
18496282
78788214
51506326
22846349
10648452
77378275
86012183
64477731
60228407
75089831
98538037
23915915
68440157
39492698
21953077
39862740
42250640
96432972
59333785
99383198
24381930
90521388
7572076
12856415
82042345
46067798
87508663
94961203
13683624
74498143
36753390
84696258
53286358
40776068
7542608
16451162
18154344
93554791
80928894
78382751
68644622
31983283
54815018
89601132
71475982
29284447
29463872
66242974
25717420
41314009
65626172
2615702
31835397
73198249
15472117
13877742
71782399
55497133
61355298
37982375
29995276
50625040
22678634
35797986
91401109
30221242
4765501
62071805
76292385
38210747
92970908
97453359
70194030
47785926
87054491
94186364
77070373
69034715
60429339
55304145
10348725
78571863
57919848
94700474
51770112
73391965
61094569
76068864
28889098
22449867
14051239
11400727
25591259
89246225
99715065
16992368
19467467
56996918
31580525
48276204
95207665
24551433
45729564
65401696
24853711
85300407
12104412
54440437
54335123
25050103
9744582
17200200
3621967
67664430
11900674
7908431
41056396
72995243
36493647
22461846
47961462
50544887
86378925
73552722
39791112
38610343
43061442
11774932
95607261
74641968
12567488
90814927
99193401
10813404
8732975
24047113
96113812
73353739
78487550
2965287
98403843
40748484
20165487
2025810
8412915
32066161
62450593
1985663
57577757
98944241
76963861
5539219
2005480
15859139
31608293
94312944
54469482
74669736
58604228
2593095
49311704
71171717
93408022
1021457
81985121
54657349
77584922
30615285
28011089
8588824
33580572
78931284
49337309
53746059
33473446
10266576
38328573
95924039
12252239
95906330
47384632
41732452
53961901
49390112
57591591
85570195
43703057
12061073
60239931
2307285
67170521
62067987
25995354
13094895
63089444
7980476
67752245
93190719
38595761
48279686
54295895
24692686
79727322
3633204
30955097
13200768
13899780
69283670
61641159
78668371
17706352
9025792
20400824
71668254
58415904
30508767
57238449
54635313
95086193
69994732
9458951
62256714
32062719
35454305
75351609
47668515
43434781
43103854
40859234
34546895
43899892
95155130
11755933
23627214
51304686
42711030
89344334
17720819
64511053
50985494
48905542
82217405
12527638
21822718
6402011
23459894
52331486
16156812
78095208
47417679
86151544
87554159
9674393
18214263
75524816
85026002
65882779
18959598
80646209
59258365
6022845
77062453
6929847
70295130
53206020
10750886
13006160
42550354
80988057
30033565
46052200
29893599
64767323
58579838
51716318
71169334
34556085
56564156
87326147
65167645
3981835
73477691
52721804
13656228
44208307
28246620
51198582
10091086
99722570
84361143
21865803
58261767
61423597
28795651
28556897
14629617
92062889
94079410
9696323
73050946
76629327
55748524
2944545
41396650
66844714
7177215
65082337
53917151
63741371
52408484
19084796
67723206
78402527
24322952
33895786
22610834
5085925
37610721
85218272
4808495
21971864
7084076
15586615
35911813
88396079
96659864
3057782
80458968
43255626
12754106
53509914
19884954
21018982
8970811
13797956
40380048
16148027
78880293
94297200
32405750
83805129
13381996
52645309
62207657
37704949
39057447
37334843
42790874
76668168
22553116
115721
51156385
82153544
68218688
39584550
23065975
17394905
42642333
56041295
60650531
7912791
62067561
33051837
28931773
71038372
46849794
21828173
39702751
78246439
68641725
24624854
62051569
82023722
77270163
76775578
72245023
16327610
14110421
67552249
45512131
89179889
67667970
49184868
23849785
88403011
88769418
46915760
5797916
83928103
2957055
18964799
91840894
65024616
52016637
73289019
88579341
51382783
95117193
28282092
82145574
63758918
52906946
44197143
98298992
82693461
20972721
70544015
99021072
87599495
38096264
97049555
76779384
58280587
46234423
629170
46683598
35003841
61282
4997866
71448297
3018338
23962665
63289191
68042954
28495654
36578211
9138647
32394789
84211756
37420740
14540364
487026
42844038
58737507
51302371
25537500
32226581
21846386
77074924
19826076
12459003
74124479
49121812
23255942
72875254
2267334
22455892
60395447
2328617
27453758
31843744
5346955
51416423
95132936
25906261
32428430
84227499
35044909
64823219
20955607
24982001
79363583
21442633
20342391
90617443
72745004
45879891
22844024
47107743
75471167
95186452
12083098
2111998
44308264
87855392
74987252
46575599
10311284
35382700
1420568
37765042
19742796
6767523
41697817
67392084
85190136
74126247
51619583
72751397
38949467
25091542
97733398
70829402
46534176
18075790
61446845
71795532
16472033
36807221
71419627
91943201
31993673
83502725
46571551
76301938
71358117
21558804
75393889
81669401
9457856
76814457
71950795
81717004
36098332
66164965
49109089
73804820
40291212
53245024
46556218
31757031
78336567
96805968
55102786
77387095
67398110
16549631
49182627
83870144
53356853
20602255
28329697
85350526
56621332
74901248
14168816
27979450
48976404
42079057
62165203
10950612
71409866
86632351
92667617
60024550
52797316
41776706
33829371
45604880
95021730
80385589
29878264
25874649
77191557
84981050
3261744
44589668
54047033
52444372
80976164
7403886
25562979
61822213
45270765
82184311
36723461
11955933
10163761
38216218
6551343
24845317
49166830
77961209
11477668
41834447
37985760
16791336
36127505
24331483
62396216
31149236
4717072
92274480
9540237
34424981
29771882
12801982
31531001
83818916
17762706
12507165
43739154
43325685
74329378
89009919
25509996
63569192
53482205
88190110
1785410
60033548
13035427
3468592
90511109
77029447
45303040
28496869
93820783
81430545
52828352
56216999
65096133
10061776
1007832
74636371
97003110
30779714
39954705
28534111
67114982
57717411
93557629
10854137
1043096
20403359
99864056
79069444
36488903
53346261
67259554
38274313
65896161
80294981
94259258
56407271
9840780
39562298
37420492
3661563
73509195
42765197
59878563
91121681
52826973
13402747
18274404
49830083
96698813
58229109
30880547
63813796
15946520
24438176
74667933
69505968
97357887
74531989
48575412
33846791
80394603
68351319
24637456
46290764
1162652
18896714
55214387
11003433
10975364
92634880
14664996
84484560
35400077
27059911
75606241
88227050
40462658
93880645
90573486
37161472
4626106
73970385
975268
73088978
98408561
28159553
95111298
95766448
2691542
43686710
82129591
35602497
12038029
6767048
34409614
13200682
25663762
89624001
76720467
36639127
34775233
91385463
73640039
70175310
18445375
1762632
10918713
11424385
48159629
54008551
1102209
52785735
27978936
2077477
25874713
26387497
30237030
20986011
74670297
85444925
17189073
56799889
73563774
81743455
16083289
7973388
47460489
41747051
50113742
24180956
30902530
84888975
68082771
4542569
7580638
86528146
6305201
18499351
50468884
54464830
72507902
51571093
59766917
53003190
6164923
38157982
31907039
36401953
11660345
6577336
74363230
28849419
15893577
47927005
63109226
31976866
8416745
63086067
26240270
11046839
39783375
57142800
48452167
7866146
14201722
56032805
46910645
20506923
27048508
97379529
27488106
52072762
48950622
87255023
5075952
55115545
25413006
36982991
44033851
89589703
96076679
70913433
70955474
11970257
71356790
34064700
96463475
79773536
49667119
22703745
43336727
89450494
32362898
44305246
49832993
46564620
338051
96743638
19587895
79902911
94123167
47076001
31975673
95590141
86847377
37051625
3222039
64776735
26550968
47255890
54366438
22627648
18169323
25321913
87114257
42042466
11902965
83577732
21816002
14086437
58797830
17669081
3536931
91160728
61974328
53369924
90241700
14828731
2629914
9829595
94731643
49269433
9421949
26707316
44859575
96269326
16275294
597966
13562413
95342614
47853856
20445203
17970262
18539531
98283468
5084519
60581997
62702786
41178604
34914351
76789223
99976434
5099785
32842506
43653514
19590465
86212431
33895214
34419196
41358697
96241161
29150839
90628131
5663110
8374508
88004058
54448788
77166154
88602024
20527553
72508768
88972232
40972757
42995383
60028115
91772577
596254
20610113
54475363
41774858
8040816
31264586
94267644
65656953
64107093
90437510
85247418
2835876
24332724
19666615
44194573
73090238
1333806
87339056
31269700
62224666
75343114
38234841
39390820
63945138
58762394
64415941
5433722
52251503
59927676
65461838
44024081
60523930
38588303
98499444
2298789
99145471
82280383
96566433
64802425
46387476
39520296
50049843
1739704
16369372
22232810
98450629
89459610
23566617
85789686
20729311
38307635
61132800
11480504
30214808
77594291
70242898
94630749
35544365
75010754
54558425
1006203
19034835
67598707
39594506
70050631
69897496
38739978
52331014
18980282
56058755
51234842
58500578
6108598
52974546
74869950
80857761
51425176
16845913
4424378
37214862
90091576
42732013
50864014
1572080
25463173
80974657
24331330
20093922
16519023
99342084
27168699
70041578
70893271
94767407
9636085
40943903
17181255
892415
93274917
88677889
56951170
97026112
47178467
15576120
50000658
74564770
96433881
53942186
91410683
53374611
43673400
81502259
48622977
47053767
83074339
74086150
80544776
7405669
46696425
97063799
6747754
26381476
67105378
30157377
21148883
29257815
71101280
90846491
82666582
16892550
79524380
39617752
13918662
26702848
7710224
16435672
53783970
4144106
70377859
45194653
10035069
66567611
79213264
58658046
13621378
62287603
85260549
94166155
22209624
31956974
43746306
81473730
58338450
63368036
11631108
32003686
92625851
35248740
22850177
75292433
52141290
2374557
67426537
18576304
81593757
75136762
35011977
87894079
31797220
57906188
33088732
41832289
24473799
64818348
53006688
90611530
79622303
38267237
84777685
1831928
70224211
81040343
35822010
81079013
44408380
99969470
13082699
89550583
35218211
88449228
64843017
87359501
43340138
84785906
58452158
77450247
12439020
93464135
65344327
44236240
3886675
50949411
38584882
28360474
15767760
91591570
18972004
95390063
29858807
56266041
49738343
52599370
37306385
38076706
86194735
34231117
38046176
99277435
23781700
73264387
40243015
41141069
13140241
83583153
25926976
71592399
61033401
38365996
17572886
26377728
82602237
21459561
29843491
73703471
2336387
45611251
65295041
73824744
93517667
47670200
30090785
95772362
269570
19913522
33849068
86464305
54144639
24411597
38258092
77926340
50192336
78501108
19067409
63332577
14600613
97510737
87441328
75634014
35876734
5014214
54528094
70995323
78990127
84371586
44698794
81326515
82499189
62510187
55151259
28533208
10180387
37758396
76821923
62966309
57671919
63187343
1946966
64332910
87598940
40205059
42259250
37791277
71222519
13843012
53640206
85823132
11353749
41081535
13973499
99746835
98612101
68501593
23258510
77602229
5389531
20473656
58928744
40405073
82983843
66596355
68938281
45680582
4354751
45760204
8646891
62026670
8947548
10593858
26359581
49062840
3315269
21135183
86854117
27054140
87494547
93010676
12877272
51364649
34092211
79367123
3627836
85220664
47868717
26886347
62822893
5774600
99876355
74267989
46179673
82860199
40864344
15117955
28540781
45219096
13394511
89704025
59762118
74858411
297883
38638051
23921252
56129504
12289587
63291721
83183644
99784134
56302397
48577268
3665135
42910960
27944392
7292972
28131625
75813109
86695671
43470870
34104061
86572026
70255212
80283735
21948577
63635908
47918042
3005711
61371356
61312553
92709736
21133475
88687317
45523971
12287878
12608569
1653475
24577465
28416642
84837119
76877952
84719040
33414387
80543087
80146352
13875131
40352411
60794329
89688240
27048082
56781552
23792302
66136461
27036764
56592389
40601390
90672672
4510431
43607101
52044029
18339336
36316837
25693856
7026653
34357160
37981734
72151574
36010635
15075552
568217
73364106
91953504
37803609
59294846
25012943
70466313
73169977
17881707
31260643
15374570
44929789
88042195
91683224
63582602
67595311
48275613
4183993
58267983
5302396
307446
62828364
23641732
89140636
41038572
83184738
23497796
31536659
55336312
12024784
46612211
8420881
85388890
91082067
98740842
97200088
68611362
69207156
22886418
86493069
52984151
38260988
83939211
41026346
82460564
38165
8621657
83252529
4222158
19405992
88554925
4529605
34750709
64713009
93670241
75789281
47897747
69684389
59842292
3234060
81709173
58970855
64171293
19614416
50052922
62912136
16814504
71180637
32119292
39700922
10190058
85103443
30478262
94129269
78646141
12938826
94167435
39784150
96191355
50905945
11706494
37262632
7951902
46457203
1975642
54138495
74762837
2389741
23822885
34605129
5623801
58048410
93575985
69795095
77662826
96145259
85223583
46993683
67325896
69859227
86694605
30032307
54962670
69689220
24161576
86125163
82628046
70845363
25909313
31335754
74267661
37615807
21114738
34735915
36589363
75606732
88874411
63868552
77996474
65213648
98473681
83620275
75778410
44566018
5931722
53441237
93227630
43671657
434920
13069878
13530884
39645877
43102185
21009906
9335097
67263762
7135069
44479496
90625477
85560734
75815250
17409490
75692894
49446340
52145406
12282257
25053073
93536169
76150809
3049547
11266169
27140842
39186174
87044579
24223213
45117897
40485816
17450843
88789554
93437088
30520721
54836791
33082966
26139259
75846697
94934415
45919373
35498119
39413911
36544850
21058853
67745513
53954341
96751747
17191854
58616099
61550356
42244927
52152268
90217517
45294474
63418437
69874712
84480648
2979368
94097925
82114897
43465185
64065120
23420804
89418625
47102193
78257595
75017943
73241452
54104292
69952359
19160825
89602411
9366270
8222028
63177617
77111784
14692721
12445716
46819990
73308820
73996073
89064917
77977440
16729942
86875743
93912229
39121006
71356391
96891597
85735283
5987641
92873134
49800403
29408445
34808112
49418949
7666040
9826055
22660401
14286684
79778414
94337579
56405448
41661037
2559607
72099417
71289173
17252328
84545133
18109163
43077500
11057558
59690432
21054940
27787501
46566175
67483521
66908507
17922566
64375118
52643791
23910207
9764605
54960546
5835004
44572717
4379495
66017396
54398772
79556249
32820433
86693539
73893828
89225881
28354576
76453435
61325298
52160101
46222115
45870431
70269264
89299615
9444342
29959696
10354555
37231843
29042223
77838076
56656702
46964789
94729546
61816845
23391349
4494151
69293744
81742705
1583220
73673239
47760102
55981993
5745840
80580535
95191884
79639668
22322768
76062812
56093103
83648066
28222913
2315218
82034849
51008529
44131185
43995543
33484577
7002092
81227386
62526800
37356520
90400441
62007941
32086067
4733638
85399290
89096570
74027382
67141996
90679791
216974
67418450
99178136
5962814
47998985
94370020
85602483
70321753
70432832
94211938
6486171
98655745
49043509
41037372
2180626
93174694
85032916
35665203
176787
18776654
98192003
37533307
9177095
60199944
22135726
66427086
98115587
63748649
40454468
17773935
54428440
93187794
85192385
53606576
99150609
33191370
492948
37269444
56029475
70925780
31481382
62515646
22097877
33041243
3553018
24278503
78732290
41102286
12460058
31425429
59878941
10652061
21475088
21572388
23368357
43610815
87999474
21483944
7359464
80970295
39257879
14304256
74158089
76966616
20427184
25825050
10157986
20920132
15610846
66187461
91845912
99608581
81219459
66460141
32649824
37288830
43254996
11382114
78391116
55715054
95323895
90786409
66367115
16798984
12358798
42251824
12926151
52874624
63735769
72801967
86361271
55510000
87106223
13035713
32476617
7533407
38860763
95150955
80969891
54471610
13854769
25332155
6596543
95074228
91792296
39246367
84879410
35047292
3144834
63270527
90762346
98468729
6573288
9645813
67784065
18932086
51897637
80710216
24323063
68149758
53512183
10684334
23659759
93134758
23720047
8652728
53184517
15097163
3803683
34154408
69568773
17658452
59486563
76165316
65249033
3795211
67928035
50128443
38842503
23589221
65915322
82121201
74574303
72488611
91767014
42358368
43937049
96181004
75584937
20776464
64330762
81613472
31460799
40506873
74748231
55180846
49159601
27932748
70278009
5479637
14603509
92363134
75654441
26606424
21044802
40903474
30401636
88972838
43548270
21760491
65078411
61979944
3881693
39652714
86984907
48165059
82011083
83438309
96862415
57596020
4214773
61193178
39209492
35675572
54216403
66474075
43372771
55892357
46923176
66167132
61371994
61526685
58530267
89542787
40649461
79575069
82962614
71051097
210